cluster 1
age:406.1377049180335
repo_num:14.337704918032834
follower_num:9.226229508196818
commit_comment_num:0.0
commit_num:9.10163934426228
issue_comment_num:31.6852459016394
issue_event_num:20.718032786884955
issue_num:5.157377049180368
org_number:0.5442622950819649
pr_comment_num:6.416393442622816
pr_num:3.85245901639344
collaborator_num:0.0032786885245900607

cluster 2
age:1142.9161676646713
repo_num:36.81437125748507
follower_num:54.33532934131749
commit_comment_num:0.0
commit_num:40.940119760478936
issue_comment_num:115.22155688622698
issue_event_num:145.11377245508908
issue_num:24.203592814371355
org_number:1.3173652694610753
pr_comment_num:60.23353293413154
pr_num:16.287425149700542
collaborator_num:0.05389221556886212
